0.9294077
0.9046705
0.15633653
0.9105504
0.13006566
0.13668548
0.8140358
0.14405510
0.16923506
0.15140145
0.17437340
0.14833944
0.13227708
0.13340832
0.12198828
0.9904610
0.8317214
0.10431839
0.9608653
0.7783470
0.11011796
0.11408637
0.9335553
0.11005931
0.10265161
0.10413379
0.8410190
0.8314474
0.10658664
0.8304497
0.9322313
0.9682759
0.11406819
0.10208994
0.8994817
0.9167960
0.8141464
0.9709671
0.10924282
0.10410859
0.9605569
0.10148313
0.9746979
0.8287428
0.11232051
0.12481359
0.10246660
0.10864479
0.8431522
0.10557916
0.10008782
0.8649337
0.16188560
0.9437092
0.11021289
0.10667294
0.16999416
0.10715611
0.9827846
0.9081050
0.12219298
0.10426905
0.10281163
0.8742113
0.9475977
0.10324798
0.8362803
0.12502515
0.10248397
0.11201856
0.9798249
0.10969220
0.10516944
0.12419967
0.15148728
0.11235567
0.10270315
0.10511955
0.11321462
0.12777825
0.16288027
0.12757070
0.13916575
0.15645444
0.17819347
0.13571529
0.15786829
0.13857615
0.11569932
0.10973028
0.8796112
0.9732155
0.9465185
0.8399429
0.11820774
0.10374264
0.11462998
0.9710931
0.9642097
0.9642452
