0.526335
0.362628
0.313022
0.335176
0.358634
0.351305
0.603769
0.306936
0.394886
0.303923
0.293942
0.560490
0.378686
0.438636
0.493938
0.741187
0.354365
0.520357
0.866188
0.322505
0.306904
0.498675
0.440107
0.2289711
0.1234198
0.336870
0.250957
0.361153
0.244387
0.236489
0.241665
0.298840
0.234852
0.248969
0.246363
0.245329
0.239534
0.252129
0.343554
0.714689
0.179044
0.235272
0.241631
0.427161
0.397014
0.368411
0.398519
0.459611
0.370799
0.310671
0.513877
0.291577
0.276041
0.266056
0.256454
0.261165
0.494205
0.371940
0.329817
0.507658
0.432455
0.373683
0.388205
0.1019593
0.534773
0.376731
0.448535
0.415678
0.386168
0.311786
0.308825
0.364382
0.512269
0.1041416
0.369621
0.259587
0.375817
0.480476
0.425111
0.373868
0.400642
0.676946
0.398645
0.417923
0.414864
0.367201
0.491464
0.339014
0.356842
0.2552977
0.322289
0.302468
0.213966
0.309100
0.261485
0.222886
0.351000
0.350394
0.563486
0.413955
